Date,MSA_Title,City,Daily_Cases,mean_illness,illness7,illness14,illness21,R2,Forecast_Lwr,Forecast,Forecast_Upr
2020-05-28,"Atlanta-Sandy Springs-Roswell, GA MSA",Atlanta,390,0.156272204252478,0.387691070721802,0.432767484851434,0.467755925309784,0.140524617546843,217.586829135211,372.008655987056,526.430482838901
2020-05-29,"Atlanta-Sandy Springs-Roswell, GA MSA",Atlanta,507,0.148951288018127,0.375095095927654,0.426394975666127,0.47027614857171,0.140524617546843,226.259943222247,390.631271635382,555.002600048516
2020-05-30,"Atlanta-Sandy Springs-Roswell, GA MSA",Atlanta,115,0.167453147248034,0.363732039707461,0.419525767579307,0.474796018025219,0.140524617546843,231.748785929052,406.616152454492,581.483518979932
2020-05-31,"Atlanta-Sandy Springs-Roswell, GA MSA",Atlanta,91,0.168424161074324,0.350255668329979,0.424676177271167,0.463637171072916,0.140524617546843,238.173787286043,429.264739908493,620.355692530942
2020-06-01,"Atlanta-Sandy Springs-Roswell, GA MSA",Atlanta,342,0.18052916528537,0.336692813540246,0.42140320938749,0.44965633216368,0.140524617546843,245.820308166441,457.530020807387,669.239733448334
2020-06-02,"Atlanta-Sandy Springs-Roswell, GA MSA",Atlanta,97,0.178720957524913,0.311975244294049,0.414741427869084,0.443348608853788,0.140524617546843,249.922004021223,498.051540264323,746.181076507423
2020-06-03,"Atlanta-Sandy Springs-Roswell, GA MSA",Atlanta,483,0.175816896493269,0.288765385630305,0.400111348206229,0.438557938535281,0.140524617546843,254.870875448561,539.245415038664,823.619954628767
2020-06-04,"Atlanta-Sandy Springs-Roswell, GA MSA",Atlanta,550,0.164780040738986,0.260903168617292,0.387691070721802,0.432767484851434,0.0690283920043182,206.272451033972,361.400266840352,516.528082646732
2020-06-05,"Atlanta-Sandy Springs-Roswell, GA MSA",Atlanta,440,0.158842502087162,0.234391786619006,0.375095095927654,0.426394975666127,0.0690283920043182,210.843058306438,370.297633723934,529.75220914143
2020-06-06,"Atlanta-Sandy Springs-Roswell, GA MSA",Atlanta,214,0.155091362594146,0.209716950016839,0.363732039707461,0.419525767579307,0.0690283920043182,214.749429014791,378.544613366466,542.339797718141
2020-06-07,"Atlanta-Sandy Springs-Roswell, GA MSA",Atlanta,33,0.154480469924575,0.186258832672112,0.350255668329979,0.424676177271167,0.0690283920043182,213.894512564324,385.708503077863,557.522493591403
2020-06-08,"Atlanta-Sandy Springs-Roswell, GA MSA",Atlanta,424,0.135108159002999,0.172076513182296,0.336692813540246,0.42140320938749,0.0690283920043182,215.371044337561,394.582586690246,573.79412904293
2020-06-09,"Atlanta-Sandy Springs-Roswell, GA MSA",Atlanta,375,0.142518881732195,0.168637312433364,0.311975244294049,0.414741427869084,0.0690283920043182,216.808046601099,410.892288254987,604.976529908875
2020-06-10,"Atlanta-Sandy Springs-Roswell, GA MSA",Atlanta,393,0.141341601936659,0.168023974270931,0.288765385630305,0.400111348206229,0.0690283920043182,219.905108989831,427.855264482888,635.805419975945
2020-06-11,"Atlanta-Sandy Springs-Roswell, GA MSA",Atlanta,508,0.15713916308878,0.169239379483289,0.260903168617292,0.387691070721802,0.0420556168393732,197.20468639707,340.947001094581,484.689315792092
2020-06-12,"Atlanta-Sandy Springs-Roswell, GA MSA",Atlanta,365,0.150468208134973,0.17065241006458,0.234391786619006,0.375095095927654,0.0420556168393732,201.121374512225,345.286941918782,489.45250932534
2020-06-13,"Atlanta-Sandy Springs-Roswell, GA MSA",Atlanta,228,0.150823532876966,0.16888644082831,0.209716950016839,0.363732039707461,0.0420556168393732,204.402866716126,349.202080872587,494.001295029048
2020-06-14,"Atlanta-Sandy Springs-Roswell, GA MSA",Atlanta,108,0.189104166956038,0.166894484949774,0.186258832672112,0.350255668329979,0.0420556168393732,207.989487120015,353.845362179438,499.70123723886
2020-06-15,"Atlanta-Sandy Springs-Roswell, GA MSA",Atlanta,348,0.209466841360285,0.160405769766579,0.172076513182296,0.336692813540246,0.0420556168393732,211.271722797444,358.518441330249,505.765159863055
2020-06-16,"Atlanta-Sandy Springs-Roswell, GA MSA",Atlanta,385,0.248998327379459,0.155234044653333,0.168637312433364,0.311975244294049,0.0420556168393732,216.439915037713,367.034875318068,517.629835598424
2020-06-17,"Atlanta-Sandy Springs-Roswell, GA MSA",Atlanta,643,0.28405294146404,0.150309002573817,0.168023974270931,0.288765385630305,0.0420556168393732,220.389553889178,375.031827898945,529.674101908712
